1267
1251
1232
1232
1230
1285
1240
1253
1285
1248
1224
1190
1243
1222
1277
1222
1240
1267
1240
1208
1259
1233
1275
1285
1222
1259
1240
1301
1293
1235
1241
1230
1240
1261
1240
1251
1190
1267
1216
1222
1208
1224
1240
1269
1232
1232
1214
1214
1240
1251
1214
1208
1208
1208
1208
1259
1190
1259
1232
1190
1214
1285
1230
1232
1224
1208
1240
1253
1285
1214
1216
1222
1285
1208
1232
1269
1190
1208
1240
1232
1233
1216
1232
1232
1206
1216
1267
1208
1259
1240
1238
1190
1259
1240
1235
1224
1240
1190
1241
1240
